NewDepot -1 5.0,5.0 10
NewVehicle -1 2.260619751136903,0.7232432430396796 1 10
NewVehicle -1 6.001773414170871,3.835587305090743 1 10
NewVehicle -1 2.9016433664247074,1.5344487923503747 1 10
NewVehicle -1 0.9668056398479774,9.569379385017239 1 10
NewVehicle -1 4.059618392086035,8.324762250606785 1 10
NewVehicle -1 1.9515667338193665,1.3680094862304548 1 10
NewVehicle -1 1.8714814186412998,5.025819890618975 1 10
NewVehicle -1 4.525575489639628,7.545447609770106 1 10
NewVehicle -1 3.8612970668310775,2.7103808046871833 1 10
NewVehicle -1 2.517165349256425,8.792588801682271 1 10
NewMultiParcel -1 6.360408481738718,9.328821166921347 2.927272482626929,0.4601169387704762 0 1 1161/18838=253797/271474 4
NewMultiParcel -1 0.47122100274131107,1.123064236887984 3.1754225428821012,5.584685865857384 0 1 9871/10128=307213/307470 3
NewMultiParcel -1 6.7413040911636415,8.956478177603598 9.804819654366792,3.5295455718180593 0 1 8756/11243=269935/272422 3
NewMultiParcel 806008 5.145885241282743,2.156479780746694 0.6783803940887401,0.70199538793701 0 1 810144/821871=1029549/1041276 3
NewMultiParcel 1506590 6.877407452856456,4.7678363995053346 1.4559647211787485,5.990674398040879 0 1 1514509/1518670=1763862/1768023 3
NewMultiParcel 2258188 6.391791046290577,5.446379676523457 8.362302040031093,1.2254613351883625 0 1 2258219/2278156=2521548/2541485 2
NewMultiParcel 2967547 4.731310618013924,5.170248257817029 3.755608286038954,8.662819378077229 0 1 2974305/2980788=3238312/3244795 2
NewMultiParcel 3747957 9.553864408019276,5.239811396189674 5.929343760507477,2.6754511638934773 0 1 3750108/3765805=4023806/4039503 4
NewMultiParcel 4516206 4.520761340512816,5.734750449873756 7.227573187618294,7.182307234744954 0 1 4522583/4529828=4766692/4773937 4
NewMultiParcel 5228250 8.550843979857824,7.748601119163911 9.106733802474928,5.264265521909211 0 1 5229690/5246809=5443871/5460990 2
NewMultiParcel 5905520 7.948755846484904,5.221078225537617 5.27662968447512,9.91079146275127 0 1 5907739/5923300=6116329/6131890 2
NewMultiParcel 6707682 6.9151660450422545,4.688488781756216 6.553460156696252,7.3428924057333225 0 1 6715906/6719457=7010376/7013927 2
NewMultiParcel 7461591 4.446765386405306,3.7725498675287428 3.5576978578366703,6.857677462993971 0 1 7470621/7472560=7709578/7711517 2
NewMultiParcel 8260059 8.13384554020894,1.727920859028118 5.889627809172014,3.6398380305409894 0 1 8263855/8276262=8498973/8511380 3
NewMultiParcel 8997995 7.863272493795186,7.868765409254941 8.915360475366109,3.4853584219016343 0 1 9000804/9015185=9289654/9304035 2
NewMultiParcel 9817351 4.934670101070551,6.194653398090678 1.7961297690665057,0.8827702706525831 0 1 9823836/9830865=10108160/10115189 3
NewMultiParcel 10586232 4.597621793416189,7.036116386390385 2.8936908607693845,4.3972651395625215 0 1 10590981/10601482=10861537/10872038 4
NewMultiParcel 11341438 2.517706608674135,9.040168804613472 1.1846289674013022,5.802973254822403 0 1 11348663/11354212=11585338/11590887 4
NewMultiParcel 12077593 8.179181708172129,7.31610833583686 4.816391224387717,1.9087273479505595 0 1 12079770/12095415=12348249/12363894 2
NewMultiParcel 12769939 0.7321200127238281,6.061904966934221 0.43785527334731955,0.5226164691096402 0 1 12779548/12780329=13083389/13084170 4